%% Feedforward variable setup

Ra = 0.0155;
Ke = 0.136;
V0 = 60;
%tau = 0.08;
CQ = 5.5e-4;
R = 0.06;
Om = 200;
I = 0.0629;
zeta = 0.8;
w_cm = 11.5;

KI = 0.0184;
Kp = 0.00368;
